Found minimum set cover containing 12 sets in 0.190057 seconds.
Included sets: [1, 3, 19, 21, 27, 32, 35, 36, 38, 39, 44, 56]
Set #1: [2, 13, 15, 18, 37, 50]
Set #3: [7, 21, 23, 28, 35, 50]
Set #19: [7, 42, 43, 44, 47, 49]
Set #21: [9, 13, 24, 26, 32, 45]
Set #27: [8, 33, 35, 43, 47, 48]
Set #32: [1, 6, 16, 32, 36, 50]
Set #35: [3, 4, 14, 18, 26, 39]
Set #36: [5, 17, 22, 27, 31, 39]
Set #38: [18, 20, 29, 30, 32, 40]
Set #39: [10, 12, 31, 34, 38, 46]
Set #44: [6, 7, 19, 20, 25, 41]
Set #56: [11]
