Found minimum set cover containing 19 sets in 43.82 s.
Included sets: [3, 6, 16, 19, 24, 26, 29, 31, 39, 44, 46, 48, 53, 56, 61, 66, 71, 74, 94]
Set #3: [20, 22, 37, 43, 66, 84, 90, 98]
Set #6: [6, 12, 24, 39, 42, 59, 81, 87]
Set #16: [6, 11, 16, 35, 48, 53, 93, 96]
Set #19: [5, 9, 27, 48, 57, 68, 69, 84]
Set #24: [25, 50, 51, 52, 54, 65, 89, 97]
Set #26: [2, 17, 38, 55, 68, 72, 90, 93]
Set #29: [8, 22, 23, 25, 40, 46, 85, 92]
Set #31: [12, 16, 28, 45, 58, 61, 79, 91]
Set #39: [5, 7, 21, 26, 31, 75, 80, 88]
Set #44: [3, 4, 18, 31, 71, 74, 76, 99]
Set #46: [9, 14, 18, 57, 61, 73, 77, 83]
Set #48: [34, 39, 62, 64, 65, 68, 81, 93]
Set #53: [5, 32, 47, 67, 68, 78, 90, 100]
Set #56: [4, 15, 27, 28, 41, 49, 56, 94]
Set #61: [29, 31, 32, 33, 49, 60, 86, 92]
Set #66: [4, 8, 11, 44, 63, 70, 82, 88]
Set #71: [1, 10, 15, 32, 36, 65, 80, 95]
Set #74: [13, 22, 30, 31, 32, 50, 59, 75]
Set #94: [19]
