Found minimum set cover containing 36 sets in 590.98 ms.
Included sets: [2, 5, 7, 8, 12, 13, 15, 20, 23, 25, 31, 35, 37, 43, 45, 47, 49, 53, 54, 56, 57, 58, 59, 62, 63, 64, 67, 69, 72, 73, 75, 91, 134, 144, 183, 187]
Set #2: [34, 46, 75, 76, 81, 94, 125, 131]
Set #5: [33, 52, 67, 86, 89, 99, 115, 131]
Set #7: [3, 9, 93, 106, 110, 123, 127, 148]
Set #8: [6, 37, 42, 52, 55, 65, 70, 110]
Set #12: [50, 51, 82, 85, 91, 103, 130, 142]
Set #13: [1, 14, 40, 64, 65, 104, 118, 126]
Set #15: [4, 54, 60, 71, 102, 114, 116, 123]
Set #20: [11, 36, 48, 58, 61, 87, 90, 92]
Set #23: [23, 31, 41, 49, 62, 84, 97, 107]
Set #25: [1, 14, 29, 39, 71, 96, 136, 145]
Set #31: [5, 22, 35, 41, 54, 63, 105, 126]
Set #35: [31, 85, 91, 93, 101, 102, 138, 143]
Set #37: [1, 7, 36, 79, 82, 86, 91, 106]
Set #43: [10, 50, 51, 53, 91, 94, 127, 140]
Set #45: [8, 42, 48, 56, 66, 85, 111, 149]
Set #47: [2, 20, 21, 22, 24, 70, 78, 90]
Set #49: [12, 17, 32, 44, 88, 91, 136, 141]
Set #53: [21, 22, 28, 47, 77, 128, 129, 136]
Set #54: [20, 29, 52, 64, 71, 121, 141, 147]
Set #56: [19, 23, 78, 83, 117, 130, 136, 137]
Set #57: [4, 15, 21, 60, 77, 106, 109, 146]
Set #58: [33, 34, 45, 55, 73, 87, 134, 135]
Set #59: [3, 13, 30, 51, 56, 57, 80, 113]
Set #62: [8, 12, 32, 62, 63, 106, 132, 134]
Set #63: [25, 27, 43, 47, 71, 110, 120, 136]
Set #64: [21, 34, 61, 64, 75, 95, 124, 126]
Set #67: [26, 37, 38, 50, 56, 74, 77, 120]
Set #69: [26, 33, 72, 80, 93, 110, 133, 139]
Set #72: [30, 53, 60, 64, 85, 100, 144, 150]
Set #73: [45, 51, 68, 76, 85, 98, 105, 127]
Set #75: [18, 29, 87, 100, 110, 119, 122, 126]
Set #91: [16]
Set #134: [59]
Set #144: [69]
Set #183: [108]
Set #187: [112]
