Found minimum set cover containing 27 sets in 4.11 ms.
Included sets: [2, 4, 5, 6, 10, 12, 14, 15, 16, 17, 18, 21, 22, 24, 25, 27, 28, 29, 31, 32, 33, 35, 36, 37, 38, 39, 40]
Set #2: [8, 9, 10, 11, 12]
Set #4: [21, 22, 23, 24, 25, 26]
Set #5: [1, 27, 28, 29, 30, 31, 32, 33, 34, 35]
Set #6: [8, 36, 37, 38, 39, 40, 41, 42, 43, 44]
Set #10: [63, 64, 65, 66, 67, 68, 69, 70]
Set #12: [2, 13, 37, 45, 75, 76, 77, 78, 79, 80]
Set #14: [46, 81, 88, 89, 90, 91, 92, 93, 94, 95, 96]
Set #15: [29, 52, 64, 97, 98]
Set #16: [14, 47, 76, 97, 99, 100]
Set #17: [3, 39, 65, 77, 101, 102, 103, 104]
Set #18: [4, 9, 48, 105]
Set #21: [5, 30, 49, 56, 71, 106, 114, 115, 116, 117, 118]
Set #22: [15, 53, 89, 107, 119, 120, 121, 122]
Set #24: [16, 40, 72, 82, 120, 127, 128, 129, 130, 131, 132]
Set #25: [41, 57, 91, 98, 112, 127, 133, 134, 135]
Set #27: [17, 32, 58, 67, 78, 93, 103, 121, 123, 139, 140]
Set #28: [59, 83, 133, 136, 141, 142]
Set #29: [11, 22, 68, 84, 100, 108, 141, 143, 144]
Set #31: [6, 24, 69, 79, 85, 109, 129, 140, 143, 146, 147]
Set #32: [42, 54, 60, 70, 94, 124, 137, 148, 149]
Set #33: [18, 138, 146, 150, 151]
Set #35: [50, 61, 73, 86, 125, 130, 147, 152]
Set #36: [43, 74, 95, 115, 145, 148, 153, 154]
Set #37: [51, 62, 105, 110, 116, 131, 144, 154]
Set #38: [19, 25, 33, 80, 87, 132, 142, 149, 150, 155]
Set #39: [7, 20, 26, 34, 44, 55, 96, 111, 117, 151, 155]
Set #40: [35, 113, 118, 126]
