Found minimum set cover containing 52 sets in 63.42 ms.
Included sets: [1, 3, 4, 5, 8, 9, 11, 12, 13, 15, 17, 18, 21, 23, 25, 26, 27, 28, 29, 30, 31, 32, 33, 35, 36, 38, 40, 41, 43, 44, 46, 47, 49, 50, 51, 52, 53, 54, 56, 57, 58, 59, 60, 61, 62, 63, 66, 67, 68, 69, 71, 73]
Set #1: [1, 2, 3, 4, 5, 6, 7, 8, 9, 10, 11]
Set #3: [24, 25, 26, 27, 28, 29, 30, 31, 32, 33, 34, 35, 36, 37, 38, 39]
Set #4: [1, 12, 40, 41, 42, 43, 44, 45, 46, 47, 48, 49, 50, 51, 52, 53, 54, 55, 56]
Set #5: [24, 57, 58, 59, 60, 61, 62, 63, 64]
Set #8: [25, 82, 83, 84, 85, 86, 87, 88, 89, 90, 91, 92]
Set #9: [41, 72, 93, 94, 95, 96, 97, 98, 99, 100]
Set #11: [2, 57, 101, 109, 110, 111, 112]
Set #12: [3, 27, 102, 113, 114, 115, 116, 117, 118, 119, 120, 121, 122]
Set #13: [73, 123, 124, 125, 126, 127, 128]
Set #15: [4, 13, 42, 82, 140, 141, 142, 143, 144, 145, 146, 147, 148, 149, 150, 151, 152]
Set #17: [29, 74, 153, 162, 163, 164, 165, 166, 167, 168]
Set #18: [14, 30, 95, 169, 170, 171, 172, 173, 174, 175, 176, 177, 178]
Set #21: [142, 179, 195, 196, 197, 198, 199, 200, 201, 202, 203, 204, 205, 206, 207, 208, 209]
Set #23: [15, 47, 103, 129, 213, 214, 215, 216, 217, 218, 219, 220, 221, 222, 223]
Set #25: [65, 154, 228, 229, 230, 231, 232, 233]
Set #26: [31, 84, 104, 196, 213, 228, 234, 235, 236, 237, 238, 239, 240]
Set #27: [16, 143, 169, 214, 241, 242, 243, 244, 245, 246, 247]
Set #28: [66, 125, 144, 187, 234, 241, 248, 249, 250, 251, 252, 253, 254, 255]
Set #29: [58, 67, 85, 97, 188, 210, 248, 256, 257, 258, 259, 260, 261, 262, 263, 264]
Set #30: [126, 170, 180, 215, 265, 266, 267, 268, 269, 270, 271, 272]
Set #31: [130, 224, 256, 273, 274, 275, 276, 277, 278, 279, 280, 281]
Set #32: [86, 155, 163, 211, 282, 283, 284, 285, 286, 287, 288, 289]
Set #33: [17, 48, 156, 197, 257, 290, 291, 292, 293]
Set #35: [18, 198, 299, 300, 301, 302, 303, 304, 305]
Set #36: [59, 68, 131, 172, 189, 225, 290, 306, 307, 308, 309, 310]
Set #38: [132, 157, 173, 190, 216, 299, 316, 317, 318, 319]
Set #40: [32, 181, 191, 229, 311, 325, 326, 327]
Set #41: [19, 49, 133, 174, 199, 217, 242, 266, 328, 329, 330, 331, 332, 333]
Set #43: [20, 320, 334, 338, 339, 340, 341, 342, 343, 344]
Set #44: [75, 201, 218, 275, 329, 345, 346, 347, 348, 349]
Set #46: [6, 105, 134, 158, 202, 276, 294, 307, 339, 350, 354, 355, 356]
Set #47: [21, 60, 76, 110, 146, 165, 268, 295, 302, 321, 325, 340, 357, 358, 359, 360, 361, 362]
Set #49: [52, 135, 230, 243, 250, 261, 291, 304, 312, 322, 370, 371, 372, 373, 374]
Set #50: [53, 114, 147, 182, 192, 204, 231, 251, 284, 296, 357, 370, 375, 376, 377]
Set #51: [7, 77, 166, 212, 232, 316, 354, 371, 378, 379, 380]
Set #52: [78, 111, 148, 236, 285, 297, 330, 342, 381, 382]
Set #53: [34, 106, 115, 149, 167, 193, 252, 278, 363, 375, 383]
Set #54: [8, 98, 136, 159, 183, 313, 317, 323, 331, 384, 385]
Set #56: [35, 69, 116, 137, 205, 220, 305, 308, 345, 378, 387]
Set #57: [61, 70, 117, 286, 351, 383, 386, 388, 389, 390, 391]
Set #58: [36, 79, 118, 151, 233, 237, 245, 279, 392, 393, 394, 395]
Set #59: [89, 175, 184, 194, 226, 238, 364, 376, 396, 397, 398]
Set #60: [22, 90, 99, 112, 138, 262, 298, 346, 352, 365, 384, 399, 400]
Set #61: [71, 287, 314, 366, 379, 392, 401, 402, 403]
Set #62: [54, 263, 335, 347, 372, 387, 404]
Set #63: [80, 100, 119, 139, 206, 264, 343, 388, 393, 396, 405]
Set #66: [11, 55, 62, 240, 246, 270, 289, 324, 336, 373, 381, 390, 406, 409, 410]
Set #67: [37, 107, 253, 292, 337, 344, 400, 401, 409, 411]
Set #68: [23, 108, 121, 168, 185, 222, 254, 326, 367, 402]
Set #69: [81, 122, 207, 271, 280, 353, 360, 368, 408, 412]
Set #71: [92, 160, 186, 223, 255, 310, 319, 410, 412, 413]
Set #73: [161, 208, 227, 315, 327, 332, 349, 369, 382, 397, 407]
