Found minimum set cover containing 30 sets in 7.31 ms.
Included sets: [1, 2, 5, 7, 8, 10, 11, 12, 13, 16, 17, 20, 21, 22, 25, 27, 28, 29, 30, 32, 35, 36, 37, 38, 39, 41, 42, 43, 44, 45]
Set #1: [1, 2, 3, 4, 5, 6]
Set #2: [7, 8, 9, 10, 11, 12, 13, 14, 15, 16, 17, 18, 19, 20]
Set #5: [32, 33, 34, 35, 36]
Set #7: [21, 27, 43, 44, 45, 46, 47, 48, 49, 50]
Set #8: [51, 52, 53, 54, 55, 56, 57]
Set #10: [2, 64, 65, 66, 67, 68, 69, 70, 71, 72, 73]
Set #11: [74, 75, 76, 77, 78, 79, 80, 81, 82, 83, 84]
Set #12: [9, 37, 74, 85, 86, 87, 88, 89, 90, 91, 92, 93]
Set #13: [10, 22, 28, 85, 94, 95, 96, 97, 98, 99]
Set #16: [33, 58, 65, 86, 111, 112]
Set #17: [12, 38, 51, 87, 113, 114, 115, 116]
Set #20: [23, 88, 95, 124, 128, 129, 130, 131, 132, 133, 134, 135]
Set #21: [13, 52, 59, 114, 136, 137, 138, 139]
Set #22: [14, 29, 34, 39, 66, 75, 89, 100, 106, 140, 141, 142, 143, 144, 145, 146, 147, 148]
Set #25: [16, 30, 96, 101, 149, 159, 160, 161, 162, 163]
Set #27: [24, 40, 45, 77, 91, 111, 117, 129, 137, 167, 168, 169, 170, 171]
Set #28: [17, 25, 41, 46, 60, 125, 130, 155, 164, 172, 173]
Set #29: [47, 67, 78, 115, 150, 174, 175, 176]
Set #30: [31, 68, 98, 107, 131, 151, 167, 177, 178, 179]
Set #32: [92, 99, 116, 118, 156, 159, 165, 168, 180]
Set #35: [81, 119, 169, 172, 177, 181]
Set #36: [5, 26, 55, 70, 120, 138, 142, 160, 187]
Set #37: [50, 102, 108, 126, 143, 178, 182]
Set #38: [18, 109, 121, 144, 152, 161, 188]
Set #39: [19, 42, 93, 103, 112, 145, 153, 157, 162, 173, 175, 179, 188, 189]
Set #41: [36, 56, 61, 82, 127, 184, 189, 192, 193, 194]
Set #42: [71, 83, 104, 147, 158, 176, 185, 187, 190, 195, 196]
Set #43: [72, 84, 105, 122, 134, 163, 192, 195]
Set #44: [6, 62, 73, 123, 139, 154, 166, 193, 197]
Set #45: [57, 63, 110, 135, 148, 171, 183, 186, 191, 194, 196, 197]
