Found minimum set cover containing 16 sets in 126.54 us.
Included sets: [3, 4, 6, 9, 10, 12, 13, 14, 15, 16, 17, 19, 20, 22, 23, 25]
Set #3: [1, 14, 15, 16, 17, 18]
Set #4: [6, 19, 20, 21, 22]
Set #6: [23, 27, 28, 29]
Set #9: [2, 7, 24, 37, 38, 39, 40, 41, 42]
Set #10: [8, 14, 20, 43, 44]
Set #12: [3, 33, 37, 45, 46]
Set #13: [4, 9, 15, 47]
Set #14: [10, 48, 49]
Set #15: [5, 16, 34, 38, 48]
Set #16: [30, 50, 51, 52, 53]
Set #17: [31, 35, 44, 47]
Set #19: [40, 54, 57, 58, 59]
Set #20: [22, 41, 55, 57, 60, 61, 62]
Set #22: [11, 25, 32, 51, 60, 63]
Set #23: [12, 42, 56, 61]
Set #25: [13, 18, 26, 36, 49, 53, 59, 63]
