Found minimum set cover containing 22 sets in 316.79 us.
Included sets: [1, 3, 4, 5, 6, 11, 12, 15, 16, 17, 18, 19, 20, 24, 25, 26, 27, 28, 29, 31, 32, 33]
Set #1: [1, 2, 3]
Set #3: [1, 7, 8, 9, 10, 11, 12, 13]
Set #4: [2, 4, 14, 15, 16, 17, 18, 19, 20, 21, 22, 23, 24]
Set #5: [14, 25, 26, 27, 28, 29, 30, 31, 32]
Set #6: [33, 34, 35, 36]
Set #11: [5, 27, 46, 47, 48, 49, 50, 51]
Set #12: [7, 52, 53, 54, 55, 56, 57, 58]
Set #15: [17, 43, 47, 65, 66, 67, 68, 69, 70]
Set #16: [59, 71, 72, 73]
Set #17: [29, 37, 65, 74, 75, 76, 77, 78]
Set #18: [34, 41, 74, 79, 80, 81]
Set #19: [18, 30, 45]
Set #20: [35, 38, 48, 66, 82, 83, 84, 85, 86, 87]
Set #24: [36, 61, 77, 79, 83, 94, 95, 96]
Set #25: [8, 31, 52, 60, 72, 84, 92, 97, 98]
Set #26: [9, 21, 53, 62, 85, 99, 100, 101]
Set #27: [10, 39, 102]
Set #28: [49, 54, 63, 73, 88, 103, 104, 105, 106]
Set #29: [11, 42, 55, 89, 97, 103, 107]
Set #31: [23, 50, 64, 68, 95, 100]
Set #32: [6, 12, 40, 44, 57, 80, 90, 93, 102, 108]
Set #33: [51, 69, 91, 98, 104, 107, 109]
