Found minimum set cover containing 20 sets in 0.001828 seconds.
Included sets: [1, 5, 6, 8, 9, 11, 12, 14, 15, 16, 17, 18, 19, 22, 23, 24, 25, 26, 28, 30]
Set #1: [1, 2, 3, 4, 5, 6, 7, 8]
Set #5: [2, 9, 15, 30, 31, 32, 33, 34, 35, 36, 37, 38, 39, 40]
Set #6: [30, 41, 42, 43, 44, 45, 46, 47]
Set #8: [4, 10, 51, 52, 53, 54, 55, 56, 57, 58]
Set #9: [32, 59, 60, 61, 62, 63, 64, 65, 66]
Set #11: [16, 22, 34, 41, 52, 60, 72, 73, 74, 75, 76, 77]
Set #12: [23, 35, 72, 78, 79, 80]
Set #14: [24, 48, 62, 67, 73, 86, 87, 88, 89, 90]
Set #15: [5, 37, 42, 54, 63, 74, 81, 91, 92, 93]
Set #16: [11, 25, 43, 75, 82, 91, 94, 95, 96, 97]
Set #17: [68, 98, 99, 100, 101]
Set #18: [26, 38, 55, 69, 83, 94, 102, 103, 104]
Set #19: [17, 39, 44, 64, 84, 98, 105, 106, 107, 108]
Set #22: [6, 18, 92, 102]
Set #23: [19, 49, 65, 88, 96, 106, 111]
Set #24: [12, 79, 99, 107, 109, 112, 113]
Set #25: [20, 27, 70, 85, 112, 114, 115, 116]
Set #26: [7, 13, 40, 50, 57, 76, 80, 100, 111, 114, 117, 118]
Set #28: [14, 21, 28, 77, 93, 108, 110, 113, 115]
Set #30: [29, 58, 66, 71, 90, 104, 118]
