Found minimum set cover containing 76 sets in 1.74 s.
Included sets: [1, 2, 3, 4, 7, 8, 9, 11, 12, 13, 15, 16, 17, 18, 19, 20, 21, 22, 24, 25, 26, 27, 28, 29, 30, 31, 35, 36, 37, 38, 39, 40, 42, 43, 44, 45, 46, 48, 51, 52, 54, 57, 58, 60, 61, 62, 63, 64, 65, 66, 67, 68, 70, 72, 73, 75, 76, 78, 79, 80, 83, 84, 85, 86, 87, 88, 89, 90, 91, 93, 94, 95, 96, 97, 98, 99]
Set #1: [1, 2, 3, 4, 5, 6, 7, 8, 9, 10, 11, 12, 13]
Set #2: [14, 15, 16, 17, 18, 19, 20, 21, 22]
Set #3: [23, 24, 25, 26, 27, 28, 29, 30, 31, 32, 33, 34, 35, 36, 37, 38, 39]
Set #4: [40, 41, 42, 43, 44, 45, 46, 47, 48, 49, 50, 51, 52, 53, 54, 55]
Set #7: [2, 79, 80, 81, 82, 83, 84, 85, 86, 87, 88, 89]
Set #8: [3, 90, 91, 92, 93, 94, 95, 96, 97, 98, 99, 100, 101]
Set #9: [102, 103, 104, 105, 106, 107, 108, 109, 110]
Set #11: [4, 102, 128, 129, 130, 131, 132, 133, 134, 135, 136, 137, 138, 139, 140, 141, 142]
Set #12: [143, 144, 145, 146, 147, 148, 149, 150, 151, 152, 153, 154]
Set #13: [90, 111, 155, 156, 157, 158, 159, 160, 161, 162, 163, 164, 165, 166, 167, 168, 169]
Set #15: [14, 65, 112, 181, 182, 183, 184, 185, 186, 187, 188, 189, 190, 191, 192, 193, 194, 195, 196, 197, 198, 199, 200, 201, 202]
Set #16: [203, 204, 205, 206, 207, 208, 209, 210, 211]
Set #17: [23, 41, 113, 203, 212, 213, 214, 215, 216, 217, 218, 219, 220, 221, 222, 223, 224, 225, 226, 227, 228]
Set #18: [56, 181, 229, 230, 231, 232, 233, 234, 235, 236, 237, 238, 239, 240, 241]
Set #19: [24, 114, 182, 242, 243, 244, 245, 246, 247, 248, 249, 250, 251, 252, 253, 254]
Set #20: [42, 155, 170, 255, 256, 257, 258, 259, 260, 261, 262, 263, 264]
Set #21: [43, 66, 265, 266, 267, 268, 269, 270, 271, 272, 273, 274, 275, 276, 277]
Set #22: [204, 278, 279, 280, 281, 282, 283, 284, 285, 286, 287, 288, 289]
Set #24: [57, 115, 156, 171, 183, 278, 298, 299, 300, 301, 302, 303, 304, 305, 306, 307, 308, 309, 310]
Set #25: [25, 58, 116, 172, 311, 312, 313, 314, 315, 316, 317, 318, 319, 320, 321]
Set #26: [26, 44, 59, 255, 265, 322, 323, 324, 325, 326, 327, 328, 329, 330, 331, 332, 333, 334]
Set #27: [6, 67, 173, 230, 242, 335, 336, 337, 338, 339, 340, 341, 342, 343, 344, 345]
Set #28: [15, 157, 231, 266, 279, 311, 346, 347, 348, 349, 350, 351, 352, 353, 354]
Set #29: [117, 143, 184, 205, 346, 355, 356, 357, 358, 359, 360, 361, 362, 363, 364, 365, 366, 367, 368]
Set #30: [243, 267, 290, 355, 369, 370, 371, 372, 373, 374, 375, 376, 377, 378]
Set #31: [27, 185, 379, 380, 381, 382, 383, 384, 385, 386, 387, 388, 389, 390, 391]
Set #35: [68, 92, 215, 280, 417, 418, 419, 420, 421, 422, 423]
Set #36: [28, 69, 129, 186, 256, 268, 335, 424, 425, 426, 427]
Set #37: [216, 348, 428, 429, 430, 431, 432, 433, 434, 435, 436]
Set #38: [70, 232, 269, 281, 400, 437, 438, 439, 440, 441, 442, 443, 444, 445, 446, 447, 448, 449]
Set #39: [7, 187, 217, 244, 299, 312, 336, 450, 451, 452, 453, 454, 455, 456, 457, 458]
Set #40: [118, 159, 300, 337, 357, 459, 460, 461, 462, 463, 464, 465, 466]
Set #42: [17, 119, 219, 323, 460, 478, 479, 480, 481, 482, 483, 484, 485]
Set #43: [120, 130, 188, 291, 301, 314, 428, 467, 486, 487, 488, 489, 490, 491, 492]
Set #44: [29, 174, 220, 358, 429, 437, 493, 494, 495, 496, 497, 498, 499, 500]
Set #45: [8, 30, 81, 104, 160, 221, 233, 292, 338, 359, 370, 501, 502, 503, 504, 505, 506, 507, 508, 509, 510, 511, 512, 513, 514, 515]
Set #46: [245, 257, 339, 392, 478, 501, 516, 517, 518, 519, 520]
Set #48: [9, 31, 175, 246, 258, 302, 371, 417, 452, 528, 529, 530, 531, 532, 533, 534, 535, 536, 537, 538]
Set #51: [82, 425, 468, 539, 556, 557, 558, 559, 560, 561, 562]
Set #52: [46, 94, 282, 393, 528, 563, 564, 565, 566, 567, 568, 569, 570, 571]
Set #54: [33, 84, 146, 315, 326, 401, 469, 479, 504, 540, 579, 580, 581, 582, 583]
Set #57: [34, 60, 96, 247, 273, 418, 431, 462, 521, 541, 572, 597, 598, 599, 600, 601, 602, 603, 604, 605, 606]
Set #58: [47, 71, 147, 191, 316, 381, 463, 522, 565, 584, 592, 607, 608, 609, 610, 611, 612]
Set #60: [19, 105, 304, 432, 585, 593, 607, 617, 618, 619, 620, 621, 622]
Set #61: [148, 193, 260, 293, 394, 420, 613, 623]
Set #62: [97, 106, 131, 162, 176, 194, 395, 410, 453, 556, 573, 624, 625, 626, 627, 628, 629, 630, 631, 632]
Set #63: [48, 61, 163, 177, 195, 284, 340, 440, 507, 531, 633, 634, 635]
Set #64: [261, 294, 305, 341, 350, 382, 470, 493, 542, 550, 557, 597, 624, 636, 637, 638, 639, 640, 641]
Set #65: [49, 98, 396, 402, 411, 441, 464, 481, 598, 642, 643, 644, 645, 646, 647]
Set #66: [50, 196, 383, 403, 532, 551, 586, 642, 648, 649, 650, 651, 652]
Set #67: [72, 99, 328, 508, 533, 558, 648, 653, 654, 655]
Set #68: [62, 132, 164, 285, 442, 517, 574, 587, 599, 656, 657, 658, 659, 660, 661]
Set #70: [121, 133, 197, 236, 249, 329, 351, 404, 443, 454, 471, 482, 579, 636, 666, 667, 668, 669]
Set #72: [149, 224, 262, 274, 342, 361, 397, 472, 489, 534, 625, 649, 656, 673, 674, 675]
Set #73: [20, 209, 263, 286, 295, 362, 405, 495, 510, 523, 552, 618, 657, 676, 677]
Set #75: [352, 373, 406, 444, 497, 626, 658, 670, 678, 681, 682, 683, 684, 685, 686, 687, 688]
Set #76: [11, 21, 331, 353, 363, 374, 385, 398, 455, 518, 567, 667, 673, 679, 689, 690, 691, 692]
Set #78: [122, 225, 296, 387, 446, 456, 634, 659, 690, 695, 696, 697, 698]
Set #79: [251, 308, 412, 447, 473, 519, 535, 560, 575, 581, 644, 662, 674, 699, 700]
Set #80: [73, 86, 210, 237, 297, 354, 421, 484, 543, 568, 582, 614, 645, 676, 681, 701, 702, 703, 704, 705]
Set #83: [108, 136, 178, 407, 457, 603, 627, 692, 701, 712, 713, 714, 715]
Set #84: [12, 52, 123, 137, 376, 389, 408, 413, 512, 544, 553, 604, 646, 671, 683, 716]
Set #85: [151, 167, 226, 343, 365, 409, 490, 524, 561, 594, 628, 695, 706]
Set #86: [22, 53, 152, 168, 333, 448, 536, 684, 707, 710, 717, 718, 719]
Set #87: [88, 179, 276, 426, 498, 595, 605, 623, 660, 712, 720]
Set #88: [63, 74, 124, 153, 240, 366, 414, 422, 545, 554, 588, 639, 696, 702, 721]
Set #89: [101, 138, 252, 367, 390, 525, 537, 546, 589, 609, 663, 672, 675, 685, 699, 708, 713, 722, 723]
Set #90: [54, 89, 139, 241, 377, 474, 576, 590, 651, 654, 693, 703, 717]
Set #91: [125, 227, 423, 475, 491, 526, 555, 610, 615, 620, 629, 664, 677, 704, 724, 725, 726]
Set #93: [38, 75, 368, 465, 538, 547, 661, 700, 709, 715, 716, 725, 727, 728]
Set #94: [76, 126, 200, 253, 320, 344, 399, 435, 476, 513, 635, 718, 721, 729]
Set #95: [64, 140, 154, 180, 228, 527, 548, 611, 640, 652, 680, 687]
Set #96: [39, 127, 141, 309, 415, 449, 499, 569, 577, 612, 668, 697, 705, 723, 727, 730, 731]
Set #97: [77, 289, 378, 416, 477, 578, 621, 630, 665, 726, 732]
Set #98: [110, 169, 201, 334, 458, 500, 514, 549, 570, 591, 596, 622, 631, 647, 655, 698, 729, 730, 732]
Set #99: [78, 202, 254, 310, 436, 492, 562, 606, 616, 669, 694, 711, 728, 733]
