Found minimum set cover containing 35 sets in 11.48 ms.
Included sets: [1, 3, 4, 5, 8, 11, 12, 14, 15, 17, 18, 20, 21, 23, 24, 25, 26, 27, 28, 29, 30, 34, 35, 36, 37, 38, 39, 40, 41, 43, 44, 45, 46, 48, 49]
Set #1: [1, 2, 3, 4, 5, 6, 7, 8, 9]
Set #3: [22, 23, 24, 25, 26, 27, 28, 29, 30]
Set #4: [31, 32, 33, 34, 35, 36, 37, 38, 39, 40, 41]
Set #5: [1, 42, 43, 44, 45, 46, 47, 48, 49, 50, 51, 52]
Set #8: [2, 10, 32, 65, 66, 67, 68, 69, 70]
Set #11: [82, 83, 84, 85, 86, 87, 88, 89, 90, 91, 92]
Set #12: [3, 11, 93, 94, 95, 96]
Set #14: [23, 53, 58, 82, 97, 108, 109, 110, 111, 112, 113]
Set #15: [59, 71, 114, 115, 116, 117, 118, 119, 120, 121, 122]
Set #17: [5, 108, 114, 130, 131, 132, 133, 134, 135, 136]
Set #18: [34, 45, 66, 98, 123, 137, 138, 139, 140, 141, 142]
Set #20: [54, 60, 67, 115, 130, 149, 150, 151, 152, 153]
Set #21: [72, 93, 116, 124, 131, 154, 155, 156, 157, 158]
Set #23: [47, 73, 117, 159, 163, 164, 165, 166, 167]
Set #24: [61, 78, 168, 169, 170, 171, 172]
Set #25: [12, 62, 74, 94, 99, 110, 173, 174, 175, 176, 177, 178]
Set #26: [13, 35, 118, 149, 173, 179, 180, 181, 182, 183, 184, 185]
Set #27: [48, 79, 125, 132, 137, 143, 160, 163, 179, 186, 187, 188]
Set #28: [6, 36, 80, 100, 144, 174, 180, 189, 190, 191, 192, 193]
Set #29: [14, 24, 101, 111, 168, 194, 195, 196]
Set #30: [102, 145, 197, 198, 199, 200]
Set #34: [49, 86, 126, 161, 177, 182, 208, 211, 212, 213]
Set #35: [15, 63, 95, 154, 165, 197, 204, 214, 215, 216, 217]
Set #36: [8, 50, 87, 103, 119, 209, 211, 214, 218, 219, 220, 221]
Set #37: [16, 81, 88, 150, 155, 186, 222, 223]
Set #38: [17, 55, 68, 75, 89, 146, 151, 178, 183, 191, 201, 212, 224, 225, 226]
Set #39: [9, 26, 64, 90, 112, 156, 170, 202, 227, 228]
Set #40: [18, 27, 127, 171, 215, 218, 222, 229, 230, 231]
Set #41: [28, 76, 91, 139, 157, 166, 195, 213, 216, 219, 227, 232]
Set #43: [19, 56, 92, 104, 120, 141, 198, 205, 224, 228, 233, 235, 236, 237]
Set #44: [51, 105, 142, 147, 152, 229, 235, 238]
Set #45: [20, 38, 77, 121, 162, 187, 203, 206, 210, 230, 238, 239, 240]
Set #46: [39, 52, 57, 128, 135, 184, 192, 236, 239, 241, 242]
Set #48: [21, 40, 106, 113, 185, 207, 225, 234, 244, 245]
Set #49: [107, 129, 148, 153, 167, 188, 193, 196, 199, 217, 226, 243, 244]
