Found minimum set cover containing 27 sets in 0.004392 seconds.
Included sets: [3, 5, 6, 7, 9, 12, 13, 15, 17, 18, 19, 21, 22, 23, 24, 25, 26, 27, 29, 30, 31, 32, 35, 36, 38, 39, 40]
Set #3: [13, 14, 15, 16, 17, 18, 19, 20]
Set #5: [1, 27, 28, 29, 30, 31, 32, 33, 34, 35]
Set #6: [8, 36, 37, 38, 39, 40, 41, 42, 43, 44]
Set #7: [21, 27, 45, 46, 47, 48, 49, 50, 51]
Set #9: [56, 57, 58, 59, 60, 61, 62]
Set #12: [2, 13, 37, 45, 75, 76, 77, 78, 79, 80]
Set #13: [38, 63, 75, 81, 82, 83, 84, 85, 86, 87]
Set #15: [29, 52, 64, 97, 98]
Set #17: [3, 39, 65, 77, 101, 102, 103, 104]
Set #18: [4, 9, 48, 105]
Set #19: [66, 88, 99, 106, 107, 108, 109, 110, 111]
Set #21: [5, 30, 49, 56, 71, 106, 114, 115, 116, 117, 118]
Set #22: [15, 53, 89, 107, 119, 120, 121, 122]
Set #23: [10, 31, 90, 101, 119, 123, 124, 125, 126]
Set #24: [16, 40, 72, 82, 120, 127, 128, 129, 130, 131, 132]
Set #25: [41, 57, 91, 98, 112, 127, 133, 134, 135]
Set #26: [92, 102, 114, 136, 137, 138]
Set #27: [17, 32, 58, 67, 78, 93, 103, 121, 123, 139, 140]
Set #29: [11, 22, 68, 84, 100, 108, 141, 143, 144]
Set #30: [12, 23, 104, 122, 128, 134, 139, 145]
Set #31: [6, 24, 69, 79, 85, 109, 129, 140, 143, 146, 147]
Set #32: [42, 54, 60, 70, 94, 124, 137, 148, 149]
Set #35: [50, 61, 73, 86, 125, 130, 147, 152]
Set #36: [43, 74, 95, 115, 145, 148, 153, 154]
Set #38: [19, 25, 33, 80, 87, 132, 142, 149, 150, 155]
Set #39: [7, 20, 26, 34, 44, 55, 96, 111, 117, 151, 155]
Set #40: [35, 113, 118, 126]
