Found minimum set cover containing 16 sets in 0.000853 seconds.
Included sets: [1, 2, 5, 7, 8, 9, 10, 11, 12, 13, 15, 16, 18, 20, 21, 25]
Set #1: [1, 2, 3, 4, 5]
Set #2: [6, 7, 8, 9, 10, 11, 12, 13]
Set #5: [23, 24, 25, 26]
Set #7: [19, 30, 31, 32]
Set #8: [33, 34, 35, 36]
Set #9: [2, 7, 24, 37, 38, 39, 40, 41, 42]
Set #10: [8, 14, 20, 43, 44]
Set #11: [21, 27, 43, 45]
Set #12: [3, 33, 37, 45, 46]
Set #13: [4, 9, 15, 47]
Set #15: [5, 16, 34, 38, 48]
Set #16: [30, 50, 51, 52, 53]
Set #18: [28, 39, 50, 54, 55, 56]
Set #20: [22, 41, 55, 57, 60, 61, 62]
Set #21: [17, 29, 58]
Set #25: [13, 18, 26, 36, 49, 53, 59, 63]