Found minimum set cover containing 35 sets in 0.019187 seconds.
Included sets: [1, 2, 4, 5, 7, 10, 11, 13, 14, 15, 18, 19, 20, 21, 23, 25, 26, 27, 29, 31, 32, 33, 34, 35, 38, 39, 40, 41, 42, 43, 45, 46, 47, 49, 50]
Set #1: [1, 2, 3, 4, 5, 6, 7, 8, 9]
Set #2: [10, 11, 12, 13, 14, 15, 16, 17, 18, 19, 20, 21]
Set #4: [31, 32, 33, 34, 35, 36, 37, 38, 39, 40, 41]
Set #5: [1, 42, 43, 44, 45, 46, 47, 48, 49, 50, 51, 52]
Set #7: [58, 59, 60, 61, 62, 63, 64]
Set #10: [22, 33, 78, 79, 80, 81]
Set #11: [82, 83, 84, 85, 86, 87, 88, 89, 90, 91, 92]
Set #13: [65, 97, 98, 99, 100, 101, 102, 103, 104, 105, 106, 107]
Set #14: [23, 53, 58, 82, 97, 108, 109, 110, 111, 112, 113]
Set #15: [59, 71, 114, 115, 116, 117, 118, 119, 120, 121, 122]
Set #18: [34, 45, 66, 98, 123, 137, 138, 139, 140, 141, 142]
Set #19: [84, 143, 144, 145, 146, 147, 148]
Set #20: [54, 60, 67, 115, 130, 149, 150, 151, 152, 153]
Set #21: [72, 93, 116, 124, 131, 154, 155, 156, 157, 158]
Set #23: [47, 73, 117, 159, 163, 164, 165, 166, 167]
Set #25: [12, 62, 74, 94, 99, 110, 173, 174, 175, 176, 177, 178]
Set #26: [13, 35, 118, 149, 173, 179, 180, 181, 182, 183, 184, 185]
Set #27: [48, 79, 125, 132, 137, 143, 160, 163, 179, 186, 187, 188]
Set #29: [14, 24, 101, 111, 168, 194, 195, 196]
Set #31: [85, 133, 164, 189, 201, 202, 203]
Set #32: [7, 25, 134, 138, 175, 181, 204, 205, 206, 207]
Set #33: [37, 169, 176, 190, 194, 208, 209, 210]
Set #34: [49, 86, 126, 161, 177, 182, 208, 211, 212, 213]
Set #35: [15, 63, 95, 154, 165, 197, 204, 214, 215, 216, 217]
Set #38: [17, 55, 68, 75, 89, 146, 151, 178, 183, 191, 201, 212, 224, 225, 226]
Set #39: [9, 26, 64, 90, 112, 156, 170, 202, 227, 228]
Set #40: [18, 27, 127, 171, 215, 218, 222, 229, 230, 231]
Set #41: [28, 76, 91, 139, 157, 166, 195, 213, 216, 219, 227, 232]
Set #42: [29, 69, 96, 140, 158, 220, 233, 234]
Set #43: [19, 56, 92, 104, 120, 141, 198, 205, 224, 228, 233, 235, 236, 237]
Set #45: [20, 38, 77, 121, 162, 187, 203, 206, 210, 230, 238, 239, 240]
Set #46: [39, 52, 57, 128, 135, 184, 192, 236, 239, 241, 242]
Set #47: [30, 221, 223, 241, 243]
Set #49: [107, 129, 148, 153, 167, 188, 193, 196, 199, 217, 226, 243, 244]
Set #50: [41, 70, 122, 136, 172, 200, 231, 232, 237, 240, 242, 245]
